%YAML:1.0
R: !!opencv-matrix
   rows: 3
   cols: 3
   dt: d
   data: [ 9.9963922607235212e-001, -1.7232557776608363e-003,
       2.6803881938883275e-002, 2.3220395044319868e-003,
       9.9974808330870335e-001, -2.2324382480011742e-002,
       -2.6758658972539932e-002, 2.2378568097596335e-002,
       9.9939140173402152e-001 ]
T: !!opencv-matrix
   rows: 3
   cols: 1
   dt: d
   data: [ -1.4483410513760040e+002, -6.8403476452160794e-001,
       -9.0634266730732200e+000 ]
R1: !!opencv-matrix
   rows: 3
   cols: 3
   dt: d
   data: [ 9.9601630656108764e-001, 4.3902082737379720e-003,
       8.9063141285958908e-002, -3.3880424833135818e-003,
       9.9992927393571285e-001, -1.1400363789361899e-002,
       -8.9106892171934349e-002, 1.1053198528558813e-002,
       9.9596073645990046e-001 ]
R2: !!opencv-matrix
   rows: 3
   cols: 3
   dt: d
   data: [ 9.9803664231853018e-001, 4.7136118869497076e-003,
       6.2455123509070745e-002, -5.4155280695520596e-003,
       9.9992401397464825e-001, 1.1074219275216419e-002,
       -6.2398178220858080e-002, -1.1390704096186852e-002,
       9.9798633217840771e-001 ]
P1: !!opencv-matrix
   rows: 3
   cols: 4
   dt: d
   data: [ 8.8478050824219554e+002, 0., 2.5096775245666504e+002, 0., 0.,
       8.8478050824219554e+002, 2.4090091705322266e+002, 0., 0., 0., 1.,
       0. ]
P2: !!opencv-matrix
   rows: 3
   cols: 4
   dt: d
   data: [ 8.8478050824219554e+002, 0., 2.5096775245666504e+002,
       -1.2839848530686596e+005, 0., 8.8478050824219554e+002,
       2.4090091705322266e+002, 0., 0., 0., 1., 0. ]
Q: !!opencv-matrix
   rows: 4
   cols: 4
   dt: d
   data: [ 1., 0., 0., -2.5096775245666504e+002, 0., 1., 0.,
       -2.4090091705322266e+002, 0., 0., 0., 8.8478050824219554e+002, 0.,
       0., 6.8908952167746722e-003, 0. ]
