%YAML:1.0
M1: !!opencv-matrix
   rows: 3
   cols: 3
   dt: d
   data: [ 9.8097902097404517e+002, 0., 3.3206716476863909e+002, 0.,
       9.8097902097404517e+002, 2.4060545374838665e+002, 0., 0., 1. ]
D1: !!opencv-matrix
   rows: 1
   cols: 8
   dt: d
   data: [ -4.2016844637233597e-002, 1.4320969302285469e+000, 0., 0., 0.,
       0., 0., -2.3573218663538171e+001 ]
M2: !!opencv-matrix
   rows: 3
   cols: 3
   dt: d
   data: [ 9.8097902097404517e+002, 0., 3.3321187948744102e+002, 0.,
       9.8097902097404517e+002, 2.4107676252548291e+002, 0., 0., 1. ]
D2: !!opencv-matrix
   rows: 1
   cols: 8
   dt: d
   data: [ 3.1294209858954945e-002, 1.8395088662569992e+000, 0., 0., 0.,
       0., 0., 1.6444814344484914e+001 ]
